radius (mm)	length (cm)	pressure (Pa)	Velocity magnitude (ml/s)
0.15000	10.000	1000.0	0.0019704
0.15000	10.000	5000.0	0.0098510
0.15000	10.000	10000	0.019701
0.15000	10.000	50000	0.098211
0.15000	10.000	1.0000E5	0.19680
0.15000	20.000	1000.0	0.0010007
0.15000	20.000	5000.0	0.0049963
0.15000	20.000	10000	0.0099674
0.15000	20.000	50000	0.049394
0.15000	20.000	1.0000E5	0.097652
0.15000	30.000	1000.0	6.6711E-4
0.15000	30.000	5000.0	0.0033333
0.15000	30.000	10000	0.0066566
0.15000	30.000	50000	0.033140
0.15000	30.000	1.0000E5	0.066118
0.25400	10.000	1000.0	0.016199
0.25400	10.000	5000.0	0.080976
0.25400	10.000	10000	0.16190
0.25400	10.000	50000	0.80740
0.25400	10.000	1.0000E5	1.5817
0.25400	20.000	1000.0	0.0080969
0.25400	20.000	5000.0	0.040492
0.25400	20.000	10000	0.080961
0.25400	20.000	50000	0.40460
0.25400	20.000	1.0000E5	0.80473
0.25400	30.000	1000.0	0.0054810
0.25400	30.000	5000.0	0.027257
0.25400	30.000	10000	0.054508
0.25400	30.000	50000	0.26213
0.25400	30.000	1.0000E5	0.52801
0.40000	10.000	1000.0	0.099616
0.40000	10.000	5000.0	0.49206
0.40000	10.000	10000	0.99443
0.40000	10.000	50000	4.2799
0.40000	10.000	1.0000E5	6.7882
0.40000	20.000	1000.0	0.049809
0.40000	20.000	5000.0	0.24943
0.40000	20.000	10000	0.49774
0.40000	20.000	50000	2.4692
0.40000	20.000	1.0000E5	4.3150
0.40000	30.000	1000.0	0.033204
0.40000	30.000	5000.0	0.16591
0.40000	30.000	10000	0.33150
0.40000	30.000	50000	1.6376
0.40000	30.000	1.0000E5	3.1787
