slice	left	right	width	intensity
3	33.4782608695652	68.695652173913	35.2173913043478	12711
5	31.304347826087	66.5217391304348	35.2173913043478	12340
7	32.6086956521739	67.8260869565217	35.2173913043478	13094
11	33.0434782608696	67.8260869565217	34.7826086956522	13309
13	31.304347826087	66.5217391304348	35.2173913043478	13383
15	33.0434782608696	68.2608695652174	35.2173913043478	13004
18	32.1739130434783	69.5652173913044	37.3913043478261	13950
20	31.304347826087	65.2173913043478	33.9130434782609	12975
22	33.0434782608696	66.9565217391304	33.9130434782609	12838
24	31.7391304347826	66.0869565217391	34.3478260869565	13058
26	32.6086956521739	67.8260869565217	35.2173913043478	13249
28	31.7391304347826	66.5217391304348	34.7826086956522	13076
30	33.0434782608696	67.3913043478261	34.3478260869565	12531
33	33.9130434782609	69.1304347826087	35.2173913043478	13327
42	17.8260869565217	81.7391304347826	63.9130434782609	23578
46	31.304347826087	67.3913043478261	36.0869565217391	13671
49	27.3913043478261	62.1739130434783	34.7826086956522	12830
51	34.7826086956522	70.4347826086957	35.6521739130435	13356
55	33.4782608695652	68.695652173913	35.2173913043478	12552
58	33.0434782608696	68.695652173913	35.6521739130435	12915
60	30.8695652173913	66.0869565217391	35.2173913043478	13269
62	33.0434782608696	68.695652173913	35.6521739130435	12941
67	30.8695652173913	64.7826086956522	33.9130434782609	13012
69	33.0434782608696	68.695652173913	35.6521739130435	13497
71	30.8695652173913	66.5217391304348	35.6521739130435	13272
73	33.0434782608696	68.695652173913	35.6521739130435	12206
78	31.304347826087	66.5217391304348	35.2173913043478	12386
82	31.304347826087	66.5217391304348	35.2173913043478	13493
84	32.6086956521739	68.2608695652174	35.6521739130435	13514
86	31.304347826087	66.0869565217391	34.7826086956522	12849
88	33.0434782608696	68.695652173913	35.6521739130435	11992
91	33.0434782608696	68.695652173913	35.6521739130435	13481
95	33.0434782608696	68.2608695652174	35.2173913043478	12622
100	31.304347826087	66.0869565217391	34.7826086956522	12922
102	32.6086956521739	68.2608695652174	35.6521739130435	12881
104	31.304347826087	66.0869565217391	34.7826086956522	13137
106	33.0434782608696	68.2608695652174	35.2173913043478	12940
110	33.0434782608696	67.8260869565217	34.7826086956522	12304
114	32.6086956521739	67.3913043478261	34.7826086956522	13010
120	20	79.5652173913044	59.5652173913044	21740
123	31.304347826087	67.3913043478261	36.0869565217391	13781
132	33.9130434782609	69.1304347826087	35.2173913043478	12450
134	30.8695652173913	66.0869565217391	35.2173913043478	12604
136	33.0434782608696	68.2608695652174	35.2173913043478	13123
138	31.304347826087	66.5217391304348	35.2173913043478	12590
140	33.0434782608696	68.2608695652174	35.2173913043478	13324
142	31.304347826087	65.2173913043478	33.9130434782609	12948
144	34.3478260869565	67.3913043478261	33.0434782608696	12317
151	33.0434782608696	67.8260869565217	34.7826086956522	13036
153	30.8695652173913	66.5217391304348	35.6521739130435	12749
155	33.4782608695652	67.8260869565217	34.3478260869565	12998
157	30.8695652173913	66.5217391304348	35.6521739130435	13575
159	33.4782608695652	67.8260869565217	34.3478260869565	12546
166	34.3478260869565	66.9565217391304	32.6086956521739	12057
168	31.304347826087	66.5217391304348	35.2173913043478	13130
170	33.0434782608696	67.8260869565217	34.7826086956522	12997
172	31.304347826087	66.5217391304348	35.2173913043478	13083
174	33.0434782608696	67.8260869565217	34.7826086956522	12400
176	31.304347826087	66.9565217391304	35.6521739130435	13114
178	32.6086956521739	66.9565217391304	34.3478260869565	12360
180	31.304347826087	66.9565217391304	35.6521739130435	13074
184	31.304347826087	66.9565217391304	35.6521739130435	12258
187	30.4347826086957	66.5217391304348	36.0869565217391	13510
191	31.304347826087	66.0869565217391	34.7826086956522	12733
194	26.9565217391304	73.0434782608696	46.0869565217391	17263
196	32.1739130434783	66.9565217391304	34.7826086956522	11648
199	33.0434782608696	68.695652173913	35.6521739130435	13514
208	31.304347826087	66.5217391304348	35.2173913043478	12610
212	31.304347826087	66.5217391304348	35.2173913043478	13407
214	33.0434782608696	68.2608695652174	35.2173913043478	13164
216	31.304347826087	66.0869565217391	34.7826086956522	13167
218	33.0434782608696	68.2608695652174	35.2173913043478	13112
223	30.4347826086957	65.6521739130435	35.2173913043478	13355
226	26.5217391304348	73.4782608695652	46.9565217391304	17476
228	31.304347826087	66.5217391304348	35.2173913043478	12897
232	29.1304347826087	64.3478260869565	35.2173913043478	11644
236	30	65.2173913043478	35.2173913043478	13137
238	33.4782608695652	68.695652173913	35.2173913043478	13121
240	30.8695652173913	66.0869565217391	35.2173913043478	13433
242	33.0434782608696	68.2608695652174	35.2173913043478	12834
244	31.7391304347826	66.0869565217391	34.3478260869565	12933
246	33.0434782608696	66.9565217391304	33.9130434782609	12869
248	31.304347826087	66.5217391304348	35.2173913043478	13138
250	33.0434782608696	68.2608695652174	35.2173913043478	12755
255	30.8695652173913	66.5217391304348	35.6521739130435	13197
257	34.3478260869565	66.9565217391304	32.6086956521739	12163
259	30.8695652173913	66.0869565217391	35.2173913043478	12802
262	30.8695652173913	66.0869565217391	35.2173913043478	12329
273	31.7391304347826	66.9565217391304	35.2173913043478	12358
276	26.5217391304348	73.0434782608696	46.5217391304348	17545
279	31.7391304347826	66.9565217391304	35.2173913043478	13577
283	29.1304347826087	63.9130434782609	34.7826086956522	13236
285	33.9130434782609	69.5652173913044	35.6521739130435	13326
287	30	65.2173913043478	35.2173913043478	13397
289	33.4782608695652	67.3913043478261	33.9130434782609	12825
294	31.304347826087	66.0869565217391	34.7826086956522	13278
296	33.0434782608696	68.695652173913	35.6521739130435	13406
298	24.7826086956522	73.4782608695652	48.695652173913	18425
308	23.9130434782609	76.0869565217391	52.1739130434783	19618
314	34.3478260869565	72.1739130434783	37.8260869565217	13778
318	26.0869565217391	73.9130434782609	47.8260869565217	18050
328	23.4782608695652	75.6521739130435	52.1739130434783	19215
331	33.4782608695652	68.695652173913	35.2173913043478	13191
334	36.9565217391304	69.5652173913044	32.6086956521739	12173
336	29.5652173913044	64.7826086956522	35.2173913043478	13335
340	31.304347826087	66.5217391304348	35.2173913043478	12943
342	33.0434782608696	67.8260869565217	34.7826086956522	12636
344	31.304347826087	66.9565217391304	35.6521739130435	13550
346	32.6086956521739	67.8260869565217	35.2173913043478	13266
348	31.304347826087	66.9565217391304	35.6521739130435	13567
350	33.0434782608696	67.8260869565217	34.7826086956522	12960
352	31.304347826087	66.9565217391304	35.6521739130435	12327
355	30.8695652173913	66.0869565217391	35.2173913043478	12502
357	33.0434782608696	68.2608695652174	35.2173913043478	13234
361	33.4782608695652	67.3913043478261	33.9130434782609	12743
364	26.0869565217391	72.6086956521739	46.5217391304348	17341
367	32.6086956521739	67.8260869565217	35.2173913043478	13211
369	29.5652173913044	64.3478260869565	34.7826086956522	13406
376	30.8695652173913	66.0869565217391	35.2173913043478	12510
378	33.0434782608696	68.695652173913	35.6521739130435	13558
380	31.304347826087	66.5217391304348	35.2173913043478	13152
382	33.0434782608696	67.3913043478261	34.3478260869565	13088
384	30.8695652173913	66.0869565217391	35.2173913043478	13191
386	33.4782608695652	68.695652173913	35.2173913043478	12888
388	31.304347826087	66.5217391304348	35.2173913043478	12942
393	33.4782608695652	68.2608695652174	34.7826086956522	12694
395	30.8695652173913	66.5217391304348	35.6521739130435	13420
397	33.4782608695652	67.8260869565217	34.3478260869565	12807
403	31.304347826087	66.9565217391304	35.6521739130435	12299
411	31.304347826087	66.9565217391304	35.6521739130435	11731
414	31.304347826087	66.5217391304348	35.2173913043478	12864
417	26.9565217391304	73.0434782608696	46.0869565217391	17387
420	31.7391304347826	66.9565217391304	35.2173913043478	13566
424	28.2608695652174	63.9130434782609	35.6521739130435	13183
427	30	66.9565217391304	36.9565217391304	13585
431	28.695652173913	70.4347826086957	41.7391304347826	15571
433	32.6086956521739	66.5217391304348	33.9130434782609	12876
437	31.7391304347826	66.5217391304348	34.7826086956522	12647
441	30.8695652173913	65.6521739130435	34.7826086956522	13333
444	30	64.3478260869565	34.3478260869565	12774
446	36.5217391304348	65.2173913043478	28.695652173913	10488
448	30.4347826086957	67.8260869565217	37.3913043478261	13504
450	33.0434782608696	65.6521739130435	32.6086956521739	12418
452	32.1739130434783	66.9565217391304	34.7826086956522	13208
454	32.6086956521739	67.3913043478261	34.7826086956522	13284
456	30.8695652173913	67.8260869565217	36.9565217391304	13707
458	33.0434782608696	67.8260869565217	34.7826086956522	13022
460	24.7826086956522	73.4782608695652	48.695652173913	18379
470	23.9130434782609	75.6521739130435	51.7391304347826	19249
473	31.7391304347826	66.0869565217391	34.3478260869565	13328
480	27.8260869565217	63.4782608695652	35.6521739130435	13658
482	33.4782608695652	69.1304347826087	35.6521739130435	12740
484	30.8695652173913	65.6521739130435	34.7826086956522	13250
486	32.6086956521739	68.2608695652174	35.6521739130435	13532
488	31.304347826087	66.5217391304348	35.2173913043478	13204
490	32.6086956521739	68.695652173913	36.0869565217391	12929
493	35.2173913043478	67.8260869565217	32.6086956521739	12285
497	32.6086956521739	68.695652173913	36.0869565217391	12687
502	30.8695652173913	66.5217391304348	35.6521739130435	13030
504	33.0434782608696	68.695652173913	35.6521739130435	13592
506	31.304347826087	66.0869565217391	34.7826086956522	13094
511	22.1739130434783	76.9565217391304	54.7826086956522	20384
